275276082
49023129
2451476942
3507100335
16936686
16589206
940430173517811714
57431771
878916812
39344374
16989178
49682880
1177221975921610753
22677397
941729680381550592
850036892
3220084809
25251653
1036239330984054784
1909921760
101779040
1146225861743403008
3394053112
19553409
19422491
1229160464
58691526
997312910748680192
727137760574857216
115279420
1216789842
19329393
95588504
375721095
1134691864425033730
2176476241
806168918754660352
1398479138
802121664
822901284655210497
21150492
4789453135
39743812
1424605753
1157673159128207361
3155188814
898577623885819904
3041775900
959856286061006848
56491860
138889809
903313767596822528
770781940341288960
22240612
435704007
975217231
769739202963517440
86177206
859592034
1148711615686160384
899115298997055491
782018153207431168
3192962633
348113898
1225779630
1494835716
14247236
50434327
897210765949648896
413513361
27493883
40899671
46934022
2248093283
923368757803847680
15416505
856991644134068224
125128723
2315583427
864934909961523200
1088817055602757633
1037648264672079872
29398579
78523300
1168793817148821504
41160276
18247062
17980523
11454572
2946730163
920006546829975553
446228264
2413821780
741419766867337216
83932539
477174486
1176477972515213312
24787367
43753976
16279880
913416571548205057
1217456391251808256
800086706678419456
29873671
829717519
806347865073315844
1478430702
272064857
1886468286
186562905
870468896255385601
1904739704
3530404094
266237495
19130146
22956220
9427572
1697365488
1096854816423170048
1546656000
71869296
92928883
1134618385495527425
298633547
875017115979403264
1121554471
2369910918
966716807452258304
1106312355267469312
1134666552718925824
562255311
711267839
478855762
310965182
341194704
41634520
234497162
187022370
917501529480765441
811308998108573696
2417586104
1196926455990632449
4665676362
17537467
861186587144577025
232901331
725064846056640512
2757833205
1392956425
752214001
1071493866489044993
462104542
2713937910
94120026
921880207870459904
4798259061
3283495219
23360808
3775360879
1026684533364547594
3353061012
1344897174
1906242157
1162682346094522370
3369234799
1043185714437992449
403647191
52544275
1000141948269678592
73928096
1049162319941517312
592730371
769108935726997504
1118205222726307842
162301746
764261361044037632
586707638
2433154158
2333707213
815552224046829568
1018425398869282817
1162759864939999237
123617604
424664120
499230066
43035019
969444209940889600
2981776113
965259182
83182871
635928417
347586568
2923411356
38495835
734168909553766405
594886554
1219007111239282688
1199522589573554176
822510151642923009
1199631548095619072
1674315427
2748355923
69557688
11134252
1340481373
18837791
4765364386
1134783407223975937
43596406
116356889
826339456223498240
23023227
1191935744220246016
126911579
2924521080
26487169
915231714724712448
3314383418
2950103415
1153042794375712770
2725865306
16740433
187936720
561310591
14377605
18643437
414223436
27522964
2256965582
804435407400095745
803017539903029248
1194770389634895873
244351421
1023362107
18266688
1010682068131557376
26028938
16269666
47957425
406483952
2795404498
4918885219
85498982
16585101
1274690550
954124423
839099917121511425
631310817
895286614431346688
1215417589414821889
